#14
#Rho_m 0.141745 0.0017 0.03 0.3 0 0 0.00017 \omega_m omega,,m,,
#omega_b 0.0223 0.00014 0 0.1 0 0 0.00014 \omega_b omega,,b,,
#Theta_s 0.595417 0.00018 0.58843 0.60283 0 0 0.00018 \theta_s theta,,s,,
#wa0 -1 0.333333 -2 -0 0 0 0.1 w_0 w''0
#wa1 0 0.333333 -3 3 0 0 0.1 w_1 w''1
#Omega_k 0 0.002 -0.06 0.06 0 0 0.002 \Omega_k Omega,,k,,
#summnu 0.06 0.1 0 3 0 0 0.01 \Sigma m_{\nu} m,,nu,tot,,
#Nlnu 3.046 0.3 0 100 0 0 0.3 N_{\nu,{\rm eff}} N,,nu,eff,,
#log10amplitude -8.66918 0.01 -8.76918 -8.56918 0 0 0.001 \log_{10}(A) log,,10,,(A)
#Enn 0.9667 0.004 0.8 1.1 0 0 0.004 n_s n,,s,,
#Alpha 0 0.006 -0.1 0.1 0 0 0.006 \alpha_s alpha,,s,,
#Beta_s 0 0.006 -0.1 0.1 0 0 0.006 \beta_s beta,,s,,
#ToverS 0 0.05 -0.15 0.15 0 0 0.05 T/S T/S
#tau 0.066 0.012 0.018 0.114 0 0 0.012 \tau tau
1310173.67311 1938451.41333 715872.267809 -122.459971558 -10417.9017156 -4595.78588982 -14053.4793835 -4706.62728584 -913851.745744 -23295.7018086 -67695.4250723 6554.70044894 -921.807532132 793620.289645 
1938451.41333 20605472.8366 -2505198.16952 676.433901504 34689.0436095 24540.5798504 -20273.6554655 -21602.4856716 -1159330.4041 -243470.876374 53188.5625399 -56107.3008993 2435.30813853 987101.503499 
715872.267809 -2505198.16952 11034915.4411 204.231972755 -155178.784472 25335.5299063 2457.01552583 23562.3924069 -725466.490093 -183756.686996 -53966.8672721 -19172.329297 818.195760601 625284.719178 
-122.459971558 676.433901504 204.231972755 1.22912754189 -2.93500824873 52.1189190257 3.3085440025 5.39489851727 -83.7089698284 -53.9635602542 5.45055809451 -32.1245222421 2.39673318616 67.5819225681 
-10417.9017156 34689.0436095 -155178.784472 -2.93500824873 2182.55093476 -359.146273905 -30.5959609075 -334.856990987 10621.9213137 2641.53835086 795.140328822 271.371329741 -11.1995214928 -9158.17976083 
-4595.78588982 24540.5798504 25335.5299063 52.1189190257 -359.146273905 2631.7883353 156.721529569 284.398636881 -4976.52890199 -2340.72295441 -418.429257953 -1086.3318767 55.7105465474 3478.80225704 
-14053.4793835 -20273.6554655 2457.01552583 3.3085440025 -30.5959609075 156.721529569 166.699291605 67.6661497976 9791.29363566 170.613946282 690.664689007 -52.8730574921 5.3494427815 -8533.60153748 
-4706.62728584 -21602.4856716 23562.3924069 5.39489851727 -334.856990987 284.398636881 67.6661497976 474.371592269 -9542.29273113 -4738.02010044 -978.977737343 -541.885407244 13.6005482302 8184.37285447 
-913851.745744 -1159330.4041 -725466.490093 -83.7089698284 10621.9213137 -4976.52890199 9791.29363566 -9542.29273113 1065000.30465 148502.591982 88046.3088044 6016.4216332 774.752440458 -919921.956407 
-23295.7018086 -243470.876374 -183756.686996 -53.9635602542 2641.53835086 -2340.72295441 170.613946282 -4738.02010044 148502.591982 66331.4810331 6590.5203278 11490.7208141 -590.241013141 -129089.886736 
-67695.4250723 53188.5625399 -53966.8672721 5.45055809451 795.140328822 -418.429257953 690.664689007 -978.977737343 88046.3088044 6590.5203278 17240.9075254 -5780.67408282 674.646519793 -74384.99091 
6554.70044894 -56107.3008993 -19172.329297 -32.1245222421 271.371329741 -1086.3318767 -52.8730574921 -541.885407244 6016.4216332 11490.7208141 -5780.67408282 7056.82926994 -558.739407979 -6836.23305964 
-921.807532132 2435.30813853 818.195760601 2.39673318616 -11.1995214928 55.7105465474 5.3494427815 13.6005482302 774.752440458 -590.241013141 674.646519793 -558.739407979 220.116013099 -496.752126116 
793620.289645 987101.503499 625284.719178 67.5819225681 -9158.17976083 3478.80225704 -8533.60153748 8184.37285447 -919921.956407 -129089.886736 -74384.99091 -6836.23305964 -496.752126116 801533.458831 
